13000000000
13000000001
13000000002
13000000003
13000000004
13000000005
13000000006
13000000007
13000000008
13000001111
13000002222
13000003333
13000004444
13000005555
13000006666
13000007777
13000008888
13000009999
13011110000
13011111111
13011112222
13011113333
13011114444
13011115555
13011116666
13011117777
13011118888
13011119999
13022220000
13022221111
13022222222
13022223333
13022224444
13022225555
13022226666
13022227777
13022228888
13022229999
13033330000
13033331111
13033332222
13033333333
13033334444
13033335555
13033336666
13033337777
13033338888
13033339999
13044440000
13044441111
13044442222
13044443333
13044444444
13044445555
13044446666
13044447777
13044448888
13044449999
13055550000
13055551111
13055552222
13055553333
13055554444
13055555555
13055556666
13055557777
13055558888
13055559999
13066660000
13066661111
13066662222
13066663333
13066664444
13066665555
13066666666
13066667777
13066668888
13066669999
13077770000
13077771111
13077772222
13077773333
13077774444
13077775555
13077776666
13077777777
13077778888
13077779999
13088880000
13088881111
13088882222
13088883333
13088884444
13088885555
13088886666
13088887777
13088888888
13088889999
13099990000
13099991111
13099992222
13099993333
13099994444
13099995555
13099996666
13099997777
13099998888
13099999999
13100000000
13100000001
13100001111
13100002222
13100003333
13100004444
13100005555
13100006666
13100007777
13100008888
13100009999
13111110000
13111111111
13111112222
13111113333
13111114444
13111115555
13111116666
13111117777
13111118888
13111119999
13122220000
13122221111
13122222222
13122223333
13122224444
13122225555
13122226666
13122227777
13122228888
13122229999
13123456780
13123456781
13123456782
13123456783
13123456784
13123456785
13123456786
13123456787
13123456788
13123456789
13133330000
13133331111
13133332222
13133333333
13133334444
13133335555
13133336666
13133337777
13133338888
13133339999
13144440000
13144441111
13144442222
13144443333
13144444444
13144445555
13144446666
13144447777
13144448888
13144449999
13155550000
13155551111
13155552222
13155553333
13155554444
13155555555
13155556666
13155557777
13155558888
13155559999
13166660000
13166661111
13166662222
13166663333
13166664444
13166665555
13166666666
13166667777
13166668888
13166669999
13177770000
13177771111
13177772222
13177773333
13177774444
13177775555
13177776666
13177777777
13177778888
13177779999
13188880000
13188881111
13188882222
13188883333
13188884444
13188885555
13188886666
13188887777
13188888888
13188889999
13199990000
13199991111
13199992222
13199993333
13199994444
13199995555
13199996666
13199997777
13199998888
13199999999
13200000000
13200000001
13200001111
13200002222
13200003333
13200004444
13200005555
13200006666
13200007777
13200008888
13200009999
13211110000
13211111111
13211112222
13211113333
13211114444
13211115555
13211116666
13211117777
13211118888
13211119999
13222220000
13222221111
13222222222
13222223333
13222224444
13222225555
13222226666
13222227777
13222228888
13222229999
13233330000
13233331111
13233332222
13233333333
13233334444
13233335555
13233336666
13233337777
13233338888
13233339999
13244440000
13244441111
13244442222
13244443333
13244444444
13244445555
13244446666
13244447777
13244448888
13244449999
13255550000
13255551111
13255552222
13255553333
13255554444
13255555555
13255556666
13255557777
13255558888
13255559999
13266660000
13266661111
13266662222
13266663333
13266664444
13266665555
13266666666
13266667777
13266668888
13266669999
13277770000
13277771111
13277772222
13277773333
13277774444
13277775555
13277776666
13277777777
13277778888
13277779999
13288880000
13288881111
13288882222
13288883333
13288884444
13288885555
13288886666
13288887777
13288888888
13288889999
13299990000
13299991111
13299992222
13299993333
13299994444
13299995555
13299996666
13299997777
13299998888
13299999999
13300000000
13300000001
13300001111
13300002222
13300003333
13300004444
13300005555
13300006666
13300007777
13300008888
13300009999
13311110000
13311111111
13311112222
13311113333
13311114444
13311115555
13311116666
13311117777
13311118888
13311119999
13322220000
13322221111
13322222222
13322223333
13322224444
13322225555
13322226666
13322227777
13322228888
13322229999
13333330000
13333331111
13333332222
13333333333
13333334444
13333335555
13333336666
13333337777
13333338888
13333339999
13344440000
13344441111
13344442222
13344443333
13344444444
13344445555
13344446666
13344447777
13344448888
13344449999
13355550000
13355551111
13355552222
13355553333
13355554444
13355555555
13355556666
13355557777
13355558888
13355559999
13366660000
13366661111
13366662222
13366663333
13366664444
13366665555
13366666666
13366667777
13366668888
13366669999
13377770000
13377771111
13377772222
13377773333
13377774444
13377775555
13377776666
13377777777
13377778888
13377779999
13388880000
13388881111
13388882222
13388883333
13388884444
13388885555
13388886666
13388887777
13388888888
13388889999
13399990000
13399991111
13399992222
13399993333
13399994444
13399995555
13399996666
13399997777
13399998888
13399999999
13400000000
13400000001
13400001111
13400002222
13400003333
13400004444
13400005555
13400006666
13400007777
13400008888
13400009999
13411110000
13411111111
13411112222
13411113333
13411114444
13411115555
13411116666
13411117777
13411118888
13411119999
13422220000
13422221111
13422222222
13422223333
13422224444
13422225555
13422226666
13422227777
13422228888
13422229999
13433330000
13433331111
13433332222
13433333333
13433334444
13433335555
13433336666
13433337777
13433338888
13433339999
13444440000
13444441111
13444442222
13444443333
13444444444
13444445555
13444446666
13444447777
13444448888
13444449999
13455550000
13455551111
13455552222
13455553333
13455554444
13455555555
13455556666
13455557777
13455558888
13455559999
13466660000
13466661111
13466662222
13466663333
13466664444
13466665555
13466666666
13466667777
13466668888
13466669999
13477770000
13477771111
13477772222
13477773333
13477774444
13477775555
13477776666
13477777777
13477778888
13477779999
13488880000
13488881111
13488882222
13488883333
13488884444
13488885555
13488886666
13488887777
13488888888
13488889999
13499990000
13499991111
13499992222
13499993333
13499994444
13499995555
13499996666
13499997777
13499998888
13499999999
13500000000
13500000001
13500001111
13500002222
13500003333
13500004444
13500005555
13500006666
13500007777
13500008888
13500009999
13511110000
13511111111
13511112222
13511113333
13511114444
13511115555
13511116666
13511117777
13511118888
13511119999
13522220000
13522221111
13522222222
13522223333
13522224444
13522225555
13522226666
13522227777
13522228888
13522229999
13533330000
13533331111
13533332222
13533333333
13533334444
13533335555
13533336666
13533337777
13533338888
13533339999
13544440000
13544441111
13544442222
13544443333
13544444444
13544445555
13544446666
13544447777
13544448888
13544449999
13555550000
13555551111
13555552222
13555553333
13555554444
13555555555
13555556666
13555557777
13555558888
13555559999
13566660000
13566661111
13566662222
13566663333
13566664444
13566665555
13566666666
13566667777
13566668888
13566669999
13577770000
13577771111
13577772222
13577773333
13577774444
13577775555
13577776666
13577777777
13577778888
13577779999
13588880000
13588881111
13588882222
13588883333
13588884444
13588885555
13588886666
13588887777
13588888888
13588889999
13599990000
13599991111
13599992222
13599993333
13599994444
13599995555
13599996666
13599997777
13599998888
13599999999
13600000000
13600001111
13600002222
13600003333
13600004444
13600005555
13600006666
13600007777
13600008888
13600009999
13611110000
13611111111
13611112222
13611113333
13611114444
13611115555
13611116666
13611117777
13611118888
13611119999
13622220000
13622221111
13622222222
13622223333
13622224444
13622225555
13622226666
13622227777
13622228888
13622229999
13633330000
13633331111
13633332222
13633333333
13633334444
13633335555
13633336666
13633337777
13633338888
13633339999
13644440000
13644441111
13644442222
13644443333
13644444444
13644445555
13644446666
13644447777
13644448888
13644449999
13655550000
13655551111
13655552222
13655553333
13655554444
13655555555
13655556666
13655557777
13655558888
13655559999
13666660000
13666661111
13666662222
13666663333
13666664444
13666665555
13666666666
13666667777
13666668888
13666669999
13677770000
13677771111
13677772222
13677773333
13677774444
13677775555
13677776666
13677777777
13677778888
13677779999
13688880000
13688881111
13688882222
13688883333
13688884444
13688885555
13688886666
13688887777
13688888888
13688889999
13699990000
13699991111
13699992222
13699993333
13699994444
13699995555
13699996666
13699997777
13699998888
13699999999
13700000000
13700001111
13700002222
13700003333
13700004444
13700005555
13700006666
13700007777
13700008888
13700009999
13711110000
13711111111
13711112222
13711113333
13711114444
13711115555
13711116666
13711117777
13711118888
13711119999
13722220000
13722221111
13722222222
13722223333
13722224444
13722225555
13722226666
13722227777
13722228888
13722229999
13733330000
13733331111
13733332222
13733333333
13733334444
13733335555
13733336666
13733337777
13733338888
13733339999
13744440000
13744441111
13744442222
13744443333
13744444444
13744445555
13744446666
13744447777
13744448888
13744449999
13755550000
13755551111
13755552222
13755553333
13755554444
13755555555
13755556666
13755557777
13755558888
13755559999
13766660000
13766661111
13766662222
13766663333
13766664444
13766665555
13766666666
13766667777
13766668888
13766669999
13777770000
13777771111
13777772222
13777773333
13777774444
13777775555
13777776666
13777777777
13777778888
13777779999
13788880000
13788881111
13788882222
13788883333
13788884444
13788885555
13788886666
13788887777
13788888888
13788889999
13799990000
13799991111
13799992222
13799993333
13799994444
13799995555
13799996666
13799997777
13799998888
13799999999
13800000000
13800000001
13800001111
13800002222
13800003333
13800004444
13800005555
13800006666
13800007777
13800008888
13800009999
13811110000
13811111111
13811112222
13811113333
13811114444
13811115555
13811116666
13811117777
13811118888
13811119999
13822220000
13822221111
13822222222
13822223333
13822224444
13822225555
13822226666
13822227777
13822228888
13822229999
13833330000
13833331111
13833332222
13833333333
13833334444
13833335555
13833336666
13833337777
13833338888
13833339999
13844440000
13844441111
13844442222
13844443333
13844444444
13844445555
13844446666
13844447777
13844448888
13844449999
13855550000
13855551111
13855552222
13855553333
13855554444
13855555555
13855556666
13855557777
13855558888
13855559999
13866660000
13866661111
13866662222
13866663333
13866664444
13866665555
13866666666
13866667777
13866668888
13866669999
13877770000
13877771111
13877772222
13877773333
13877774444
13877775555
13877776666
13877777777
13877778888
13877779999
13888880000
13888881111
13888882222
13888883333
13888884444
13888885555
13888886666
13888887777
13888888880
13888888888
13888889999
13899990000
13899991111
13899992222
13899993333
13899994444
13899995555
13899996666
13899997777
13899998888
13899999999
13900000000
13900001111
13900002222
13900003333
13900004444
13900005555
13900006666
13900007777
13900008888
13900009999
13911110000
13911111111
13911112222
13911113333
13911114444
13911115555
13911116666
13911117777
13911118888
13911119999
13922220000
13922221111
13922222222
13922223333
13922224444
13922225555
13922226666
13922227777
13922228888
13922229999
13933330000
13933331111
13933332222
13933333333
13933334444
13933335555
13933336666
13933337777
13933338888
13933339999
13944440000
13944441111
13944442222
13944443333
13944444444
13944445555
13944446666
13944447777
13944448888
13944449999
13955550000
13955551111
13955552222
13955553333
13955554444
13955555555
13955556666
13955557777
13955558888
13955559999
13966660000
13966661111
13966662222
13966663333
13966664444
13966665555
13966666666
13966667777
13966668888
13966669999
13977770000
13977771111
13977772222
13977773333
13977774444
13977775555
13977776666
13977777777
13977778888
13977779999
13988880000
13988881111
13988882222
13988883333
13988884444
13988885555
13988886666
13988887777
13988888888
13988889999
13999990000
13999991111
13999992222
13999993333
13999994444
13999995555
13999996666
13999997777
13999998888
13999999999
14500000000
14500001111
14500002222
14500003333
14500004444
14500005555
14500006666
14500007777
14500008888
14500009999
14511110000
14511111111
14511112222
14511113333
14511114444
14511115555
14511116666
14511117777
14511118888
14511119999
14522220000
14522221111
14522222222
14522223333
14522224444
14522225555
14522226666
14522227777
14522228888
14522229999
14533330000
14533331111
14533332222
14533333333
14533334444
14533335555
14533336666
14533337777
14533338888
14533339999
14544440000
14544441111
14544442222
14544443333
14544444444
14544445555
14544446666
14544447777
14544448888
14544449999
14555550000
14555551111
14555552222
14555553333
14555554444
14555555555
14555556666
14555557777
14555558888
14555559999
14566660000
14566661111
14566662222
14566663333
14566664444
14566665555
14566666666
14566667777
14566668888
14566669999
14577770000
14577771111
14577772222
14577773333
14577774444
14577775555
14577776666
14577777777
14577778888
14577779999
14588880000
14588881111
14588882222
14588883333
14588884444
14588885555
14588886666
14588887777
14588888888
14588889999
14599990000
14599991111
14599992222
14599993333
14599994444
14599995555
14599996666
14599997777
14599998888
14599999999
14700000000
14700001111
14700002222
14700003333
14700004444
14700005555
14700006666
14700007777
14700008888
14700009999
14711110000
14711111111
14711112222
14711113333
14711114444
14711115555
14711116666
14711117777
14711118888
14711119999
14722220000
14722221111
14722222222
14722223333
14722224444
14722225555
14722226666
14722227777
14722228888
14722229999
14733330000
14733331111
14733332222
14733333333
14733334444
14733335555
14733336666
14733337777
14733338888
14733339999
14744440000
14744441111
14744442222
14744443333
14744444444
14744445555
14744446666
14744447777
14744448888
14744449999
14755550000
14755551111
14755552222
14755553333
14755554444
14755555555
14755556666
14755557777
14755558888
14755559999
14766660000
14766661111
14766662222
14766663333
14766664444
14766665555
14766666666
14766667777
14766668888
14766669999
14777770000
14777771111
14777772222
14777773333
14777774444
14777775555
14777776666
14777777777
14777778888
14777779999
14788880000
14788881111
14788882222
14788883333
14788884444
14788885555
14788886666
14788887777
14788888888
14788889999
14799990000
14799991111
14799992222
14799993333
14799994444
14799995555
14799996666
14799997777
14799998888
14799999999
14900000000
14900001111
14900002222
14900003333
14900004444
14900005555
14900006666
14900007777
14900008888
14900009999
14911110000
14911111111
14911112222
14911113333
14911114444
14911115555
14911116666
14911117777
14911118888
14911119999
14922220000
14922221111
14922222222
14922223333
14922224444
14922225555
14922226666
14922227777
14922228888
14922229999
14933330000
14933331111
14933332222
14933333333
14933334444
14933335555
14933336666
14933337777
14933338888
14933339999
14944440000
14944441111
14944442222
14944443333
14944444444
14944445555
14944446666
14944447777
14944448888
14944449999
14955550000
14955551111
14955552222
14955553333
14955554444
14955555555
14955556666
14955557777
14955558888
14955559999
14966660000
14966661111
14966662222
14966663333
14966664444
14966665555
14966666666
14966667777
14966668888
14966669999
14977770000
14977771111
14977772222
14977773333
14977774444
14977775555
14977776666
14977777777
14977778888
14977779999
14988880000
14988881111
14988882222
14988883333
14988884444
14988885555
14988886666
14988887777
14988888888
14988889999
14999990000
14999991111
14999992222
14999993333
14999994444
14999995555
14999996666
14999997777
14999998888
14999999999
15000000000
15000000001
15000001111
15000002222
15000003333
15000004444
15000005555
15000006666
15000007777
15000008888
15000009999
15011110000
15011111111
15011112222
15011113333
15011114444
15011115555
15011116666
15011117777
15011118888
15011119999
15022220000
15022221111
15022222222
15022223333
15022224444
15022225555
15022226666
15022227777
15022228888
15022229999
15033330000
15033331111
15033332222
15033333333
15033334444
15033335555
15033336666
15033337777
15033338888
15033339999
15044440000
15044441111
15044442222
15044443333
15044444444
15044445555
15044446666
15044447777
15044448888
15044449999
15055550000
15055551111
15055552222
15055553333
15055554444
15055555555
15055556666
15055557777
15055558888
15055559999
15066660000
15066661111
15066662222
15066663333
15066664444
15066665555
15066666666
15066667777
15066668888
15066669999
15077770000
15077771111
15077772222
15077773333
15077774444
15077775555
15077776666
15077777777
15077778888
15077779999
15088880000
15088881111
15088882222
15088883333
15088884444
15088885555
15088886666
15088887777
15088888888
15088889999
15099990000
15099991111
15099992222
15099993333
15099994444
15099995555
15099996666
15099997777
15099998888
15099999999
15100000000
15100000001
15100001111
15100002222
15100003333
15100004444
15100005555
15100006666
15100007777
15100008888
15100009999
15111110000
15111111111
15111112222
15111113333
15111114444
15111115555
15111116666
15111117777
15111118888
15111119999
15122220000
15122221111
15122222222
15122223333
15122224444
15122225555
15122226666
15122227777
15122228888
15122229999
15133330000
15133331111
15133332222
15133333333
15133334444
15133335555
15133336666
15133337777
15133338888
15133339999
15144440000
15144441111
15144442222
15144443333
15144444444
15144445555
15144446666
15144447777
15144448888
15144449999
15155550000
15155551111
15155552222
15155553333
15155554444
15155555555
15155556666
15155557777
15155558888
15155559999
15166660000
15166661111
15166662222
15166663333
15166664444
15166665555
15166666666
15166667777
15166668888
15166669999
15177770000
15177771111
15177772222
15177773333
15177774444
15177775555
15177776666
15177777777
15177778888
15177779999
15188880000
15188881111
15188882222
15188883333
15188884444
15188885555
15188886666
15188887777
15188888888
15188889999
15199990000
15199991111
15199992222
15199993333
15199994444
15199995555
15199996666
15199997777
15199998888
15199999999
15200000000
15200000001
15200001111
15200002222
15200003333
15200004444
15200005555
15200006666
15200007777
15200008888
15200009999
15211110000
15211111111
15211112222
15211113333
15211114444
15211115555
15211116666
15211117777
15211118888
15211119999
15222220000
15222221111
15222222222
15222223333
15222224444
15222225555
15222226666
15222227777
15222228888
15222229999
15233330000
15233331111
15233332222
15233333333
15233334444
15233335555
15233336666
15233337777
15233338888
15233339999
15244440000
15244441111
15244442222
15244443333
15244444444
15244445555
15244446666
15244447777
15244448888
15244449999
15255550000
15255551111
15255552222
15255553333
15255554444
15255555555
15255556666
15255557777
15255558888
15255559999
15266660000
15266661111
15266662222
15266663333
15266664444
15266665555
15266666666
15266667777
15266668888
15266669999
15277770000
15277771111
15277772222
15277773333
15277774444
15277775555
15277776666
15277777777
15277778888
15277779999
15288880000
15288881111
15288882222
15288883333
15288884444
15288885555
15288886666
15288887777
15288888888
15288889999
15299990000
15299991111
15299992222
15299993333
15299994444
15299995555
15299996666
15299997777
15299998888
15299999999
15300000000
15300000001
15300001111
15300002222
15300003333
15300004444
15300005555
15300006666
15300007777
15300008888
15300009999
15306810803
15311110000
15311111111
15311112222
15311113333
15311114444
15311115555
15311116666
15311117777
15311118888
15311119999
15322220000
15322221111
15322222222
15322223333
15322224444
15322225555
15322226666
15322227777
15322228888
15322229999
15333330000
15333331111
15333332222
15333333333
15333334444
15333335555
15333336666
15333337777
15333338888
15333339999
15344440000
15344441111
15344442222
15344443333
15344444444
15344445555
15344446666
15344447777
15344448888
15344449999
15355550000
15355551111
15355552222
15355553333
15355554444
15355555555
15355556666
15355557777
15355558888
15355559999
15366660000
15366661111
15366662222
15366663333
15366664444
15366665555
15366666666
15366667777
15366668888
15366669999
15377770000
15377771111
15377772222
15377773333
15377774444
15377775555
15377776666
15377777777
15377778888
15377779999
15388880000
15388881111
15388882222
15388883333
15388884444
15388885555
15388886666
15388887777
15388888888
15388889999
15399990000
15399991111
15399992222
15399993333
15399994444
15399995555
15399996666
15399997777
15399998888
15399999999
15400000000
15400000001
15411111111
15488888888
15500000000
15500000001
15500001111
15500002222
15500003333
15500004444
15500005555
15500006666
15500007777
15500008888
15500009999
15511110000
15511111111
15511112222
15511113333
15511114444
15511115555
15511116666
15511117777
15511118888
15511119999
15522220000
15522221111
15522222222
15522223333
15522224444
15522225555
15522226666
15522227777
15522228888
15522229999
15533330000
15533331111
15533332222
15533333333
15533334444
15533335555
15533336666
15533337777
15533338888
15533339999
15544440000
15544441111
15544442222
15544443333
15544444444
15544445555
15544446666
15544447777
15544448888
15544449999
15555550000
15555551111
15555552222
15555553333
15555554444
15555555555
15555556666
15555557777
15555558888
15555559999
15566660000
15566661111
15566662222
15566663333
15566664444
15566665555
15566666666
15566667777
15566668888
15566669999
15577770000
15577771111
15577772222
15577773333
15577774444
15577775555
15577776666
15577777777
15577778888
15577779999
15588880000
15588881111
15588882222
15588883333
15588884444
15588885555
15588886666
15588887777
15588888888
15588889999
15599990000
15599991111
15599992222
15599993333
15599994444
15599995555
15599996666
15599997777
15599998888
15599999999
15600000000
15600001111
15600002222
15600003333
15600004444
15600005555
15600006666
15600007777
15600008888
15600009999
15611110000
15611111111
15611112222
15611113333
15611114444
15611115555
15611116666
15611117777
15611118888
15611119999
15622220000
15622221111
15622222222
15622223333
15622224444
15622225555
15622226666
15622227777
15622228888
15622229999
15633330000
15633331111
15633332222
15633333333
15633334444
15633335555
15633336666
15633337777
15633338888
15633339999
15644440000
15644441111
15644442222
15644443333
15644444444
15644445555
15644446666
15644447777
15644448888
15644449999
15655550000
15655551111
15655552222
15655553333
15655554444
15655555555
15655556666
15655557777
15655558888
15655559999
15666660000
15666661111
15666662222
15666663333
15666664444
15666665555
15666666666
15666667777
15666668888
15666669999
15677770000
15677771111
15677772222
15677773333
15677774444
15677775555
15677776666
15677777777
15677778888
15677779999
15688880000
15688881111
15688882222
15688883333
15688884444
15688885555
15688886666
15688887777
15688888888
15688889999
15699990000
15699991111
15699992222
15699993333
15699994444
15699995555
15699996666
15699997777
15699998888
15699999999
15700000000
15700000001
15700001111
15700002222
15700003333
15700004444
15700005555
15700006666
15700007777
15700008888
15700009999
15711110000
15711111111
15711112222
15711113333
15711114444
15711115555
15711116666
15711117777
15711118888
15711119999
15722220000
15722221111
15722222222
15722223333
15722224444
15722225555
15722226666
15722227777
15722228888
15722229999
15733330000
15733331111
15733332222
15733333333
15733334444
15733335555
15733336666
15733337777
15733338888
15733339999
15744440000
15744441111
15744442222
15744443333
15744444444
15744445555
15744446666
15744447777
15744448888
15744449999
15755550000
15755551111
15755552222
15755553333
15755554444
15755555555
15755556666
15755557777
15755558888
15755559999
15757180180
15757180210
15766660000
15766661111
15766662222
15766663333
15766664444
15766665555
15766666666
15766667777
15766668888
15766669999
15777770000
15777771111
15777772222
15777773333
15777774444
15777775555
15777776666
15777777777
15777778888
15777779999
15788880000
15788881111
15788882222
15788883333
15788884444
15788885555
15788886666
15788887777
15788888888
15788889999
15799990000
15799991111
15799992222
15799993333
15799994444
15799995555
15799996666
15799997777
15799998888
15799999999
15800000000
15800000001
15800001111
15800002222
15800003333
15800004444
15800005555
15800006666
15800007777
15800008888
15800009999
15811110000
15811111111
15811112222
15811113333
15811114444
15811115555
15811116666
15811117777
15811118888
15811119999
15822220000
15822221111
15822222222
15822223333
15822224444
15822225555
15822226666
15822227777
15822228888
15822229999
15833330000
15833331111
15833332222
15833333333
15833334444
15833335555
15833336666
15833337777
15833338888
15833339999
15844440000
15844441111
15844442222
15844443333
15844444444
15844445555
15844446666
15844447777
15844448888
15844449999
15855550000
15855551111
15855552222
15855553333
15855554444
15855555555
15855556666
15855557777
15855558888
15855559999
15866660000
15866661111
15866662222
15866663333
15866664444
15866665555
15866666666
15866667777
15866668888
15866669999
15877770000
15877771111
15877772222
15877773333
15877774444
15877775555
15877776666
15877777777
15877778888
15877779999
15888880000
15888881111
15888882222
15888883333
15888884444
15888885555
15888886666
15888887777
15888888880
15888888888
15888889999
15899990000
15899991111
15899992222
15899993333
15899994444
15899995555
15899996666
15899997777
15899998888
15899999999
15900000000
15900000001
15900001111
15900002222
15900003333
15900004444
15900005555
15900006666
15900007777
15900008888
15900009999
15911110000
15911111111
15911112222
15911113333
15911114444
15911115555
15911116666
15911117777
15911118888
15911119999
15922220000
15922221111
15922222222
15922223333
15922224444
15922225555
15922226666
15922227777
15922228888
15922229999
15933330000
15933331111
15933332222
15933333333
15933334444
15933335555
15933336666
15933337777
15933338888
15933339999
15944440000
15944441111
15944442222
15944443333
15944444444
15944445555
15944446666
15944447777
15944448888
15944449999
15955550000
15955551111
15955552222
15955553333
15955554444
15955555555
15955556666
15955557777
15955558888
15955559999
15966660000
15966661111
15966662222
15966663333
15966664444
15966665555
15966666666
15966667777
15966668888
15966669999
15977770000
15977771111
15977772222
15977773333
15977774444
15977775555
15977776666
15977777777
15977778888
15977779999
15988880000
15988881111
15988882222
15988883333
15988884444
15988885555
15988886666
15988887777
15988888888
15988889999
15999990000
15999991111
15999992222
15999993333
15999994444
15999995555
15999996666
15999997777
15999998888
15999999999
17000000000
17011111111
17022222222
17033333333
17044444444
17055555555
17066666666
17077777777
17088888888
17099999999
17500000000
17500001111
17500002222
17500003333
17500004444
17500005555
17500006666
17500007777
17500008888
17500009999
17511110000
17511111111
17511112222
17511113333
17511114444
17511115555
17511116666
17511117777
17511118888
17511119999
17522220000
17522221111
17522222222
17522223333
17522224444
17522225555
17522226666
17522227777
17522228888
17522229999
17533330000
17533331111
17533332222
17533333333
17533334444
17533335555
17533336666
17533337777
17533338888
17533339999
17544440000
17544441111
17544442222
17544443333
17544444444
17544445555
17544446666
17544447777
17544448888
17544449999
17555550000
17555551111
17555552222
17555553333
17555554444
17555555555
17555556666
17555557777
17555558888
17555559999
17566660000
17566661111
17566662222
17566663333
17566664444
17566665555
17566666666
17566667777
17566668888
17566669999
17577770000
17577771111
17577772222
17577773333
17577774444
17577775555
17577776666
17577777777
17577778888
17577779999
17588880000
17588881111
17588882222
17588883333
17588884444
17588885555
17588886666
17588887777
17588888888
17588889999
17599990000
17599991111
17599992222
17599993333
17599994444
17599995555
17599996666
17599997777
17599998888
17599999999
17600000000
17600001111
17600002222
17600003333
17600004444
17600005555
17600006666
17600007777
17600008888
17600009999
17611110000
17611111111
17611112222
17611113333
17611114444
17611115555
17611116666
17611117777
17611118888
17611119999
17622220000
17622221111
17622222222
17622223333
17622224444
17622225555
17622226666
17622227777
17622228888
17622229999
17633330000
17633331111
17633332222
17633333333
17633334444
17633335555
17633336666
17633337777
17633338888
17633339999
17644440000
17644441111
17644442222
17644443333
17644444444
17644445555
17644446666
17644447777
17644448888
17644449999
17655550000
17655551111
17655552222
17655553333
17655554444
17655555555
17655556666
17655557777
17655558888
17655559999
17666660000
17666661111
17666662222
17666663333
17666664444
17666665555
17666666666
17666667777
17666668888
17666669999
17677770000
17677771111
17677772222
17677773333
17677774444
17677775555
17677776666
17677777777
17677778888
17677779999
17688880000
17688881111
17688882222
17688883333
17688884444
17688885555
17688886666
17688887777
17688888888
17688889999
17699990000
17699991111
17699992222
17699993333
17699994444
17699995555
17699996666
17699997777
17699998888
17699999999
17700000000
17700001111
17700002222
17700003333
17700004444
17700005555
17700006666
17700007777
17700008888
17700009999
17711110000
17711111111
17711112222
17711113333
17711114444
17711115555
17711116666
17711117777
17711118888
17711119999
17722220000
17722221111
17722222222
17722223333
17722224444
17722225555
17722226666
17722227777
17722228888
17722229999
17733330000
17733331111
17733332222
17733333333
17733334444
17733335555
17733336666
17733337777
17733338888
17733339999
17744440000
17744441111
17744442222
17744443333
17744444444
17744445555
17744446666
17744447777
17744448888
17744449999
17755550000
17755551111
17755552222
17755553333
17755554444
17755555555
17755556666
17755557777
17755558888
17755559999
17766660000
17766661111
17766662222
17766663333
17766664444
17766665555
17766666666
17766667777
17766668888
17766669999
17777770000
17777771111
17777772222
17777773333
17777774444
17777775555
17777776666
17777777777
17777778888
17777779999
17788880000
17788881111
17788882222
17788883333
17788884444
17788885555
17788886666
17788887777
17788888888
17788889999
17799990000
17799991111
17799992222
17799993333
17799994444
17799995555
17799996666
17799997777
17799998888
17799999999
17800000000
17800001111
17800002222
17800003333
17800004444
17800005555
17800006666
17800007777
17800008888
17800009999
17811110000
17811111111
17811112222
17811113333
17811114444
17811115555
17811116666
17811117777
17811118888
17811119999
17822220000
17822221111
17822222222
17822223333
17822224444
17822225555
17822226666
17822227777
17822228888
17822229999
17833330000
17833331111
17833332222
17833333333
17833334444
17833335555
17833336666
17833337777
17833338888
17833339999
17844440000
17844441111
17844442222
17844443333
17844444444
17844445555
17844446666
17844447777
17844448888
17844449999
17855550000
17855551111
17855552222
17855553333
17855554444
17855555555
17855556666
17855557777
17855558888
17855559999
17866660000
17866661111
17866662222
17866663333
17866664444
17866665555
17866666666
17866667777
17866668888
17866669999
17877770000
17877771111
17877772222
17877773333
17877774444
17877775555
17877776666
17877777777
17877778888
17877779999
17888880000
17888881111
17888882222
17888883333
17888884444
17888885555
17888886666
17888887777
17888888888
17888889999
17899990000
17899991111
17899992222
17899993333
17899994444
17899995555
17899996666
17899997777
17899998888
17899999999
18000000000
18000000001
18000001111
18000002222
18000003333
18000004444
18000005555
18000006666
18000007777
18000008888
18000009999
18011110000
18011111111
18011112222
18011113333
18011114444
18011115555
18011116666
18011117777
18011118888
18011119999
18022220000
18022221111
18022222222
18022223333
18022224444
18022225555
18022226666
18022227777
18022228888
18022229999
18033330000
18033331111
18033332222
18033333333
18033334444
18033335555
18033336666
18033337777
18033338888
18033339999
18044440000
18044441111
18044442222
18044443333
18044444444
18044445555
18044446666
18044447777
18044448888
18044449999
18055550000
18055551111
18055552222
18055553333
18055554444
18055555555
18055556666
18055557777
18055558888
18055559999
18066660000
18066661111
18066662222
18066663333
18066664444
18066665555
18066666666
18066667777
18066668888
18066669999
18077770000
18077771111
18077772222
18077773333
18077774444
18077775555
18077776666
18077777777
18077778888
18077779999
18088880000
18088881111
18088882222
18088883333
18088884444
18088885555
18088886666
18088887777
18088888888
18088889999
18099990000
18099991111
18099992222
18099993333
18099994444
18099995555
18099996666
18099997777
18099998888
18099999999
18100000000
18100000001
18100001111
18100002222
18100003333
18100004444
18100005555
18100006666
18100007777
18100008888
18100009999
18111110000
18111111111
18111112222
18111113333
18111114444
18111115555
18111116666
18111117777
18111118888
18111119999
18122220000
18122221111
18122222222
18122223333
18122224444
18122225555
18122226666
18122227777
18122228888
18122229999
18133330000
18133331111
18133332222
18133333333
18133334444
18133335555
18133336666
18133337777
18133338888
18133339999
18144440000
18144441111
18144442222
18144443333
18144444444
18144445555
18144446666
18144447777
18144448888
18144449999
18155550000
18155551111
18155552222
18155553333
18155554444
18155555555
18155556666
18155557777
18155558888
18155559999
18166660000
18166661111
18166662222
18166663333
18166664444
18166665555
18166666666
18166667777
18166668888
18166669999
18177770000
18177771111
18177772222
18177773333
18177774444
18177775555
18177776666
18177777777
18177778888
18177779999
18188880000
18188881111
18188882222
18188883333
18188884444
18188885555
18188886666
18188887777
18188888888
18188889999
18199990000
18199991111
18199992222
18199993333
18199994444
18199995555
18199996666
18199997777
18199998888
18199999999
18200000000
18200000001
18200001111
18200002222
18200003333
18200004444
18200005555
18200006666
18200007777
18200008888
18200009999
18211110000
18211111111
18211112222
18211113333
18211114444
18211115555
18211116666
18211117777
18211118888
18211119999
18222220000
18222221111
18222222222
18222223333
18222224444
18222225555
18222226666
18222227777
18222228888
18222229999
18233330000
18233331111
18233332222
18233333333
18233334444
18233335555
18233336666
18233337777
18233338888
18233339999
18244440000
18244441111
18244442222
18244443333
18244444444
18244445555
18244446666
18244447777
18244448888
18244449999
18255550000
18255551111
18255552222
18255553333
18255554444
18255555555
18255556666
18255557777
18255558888
18255559999
18266660000
18266661111
18266662222
18266663333
18266664444
18266665555
18266666666
18266667777
18266668888
18266669999
18277770000
18277771111
18277772222
18277773333
18277774444
18277775555
18277776666
18277777777
18277778888
18277779999
18288880000
18288881111
18288882222
18288883333
18288884444
18288885555
18288886666
18288887777
18288888888
18288889999
18299990000
18299991111
18299992222
18299993333
18299994444
18299995555
18299996666
18299997777
18299998888
18299999999
18300000000
18300000001
18300001111
18300002222
18300003333
18300004444
18300005555
18300006666
18300007777
18300008888
18300009999
18311110000
18311111111
18311112222
18311113333
18311114444
18311115555
18311116666
18311117777
18311118888
18311119999
18322220000
18322221111
18322222222
18322223333
18322224444
18322225555
18322226666
18322227777
18322228888
18322229999
18333330000
18333331111
18333332222
18333333333
18333334444
18333335555
18333336666
18333337777
18333338888
18333339999
18344440000
18344441111
18344442222
18344443333
18344444444
18344445555
18344446666
18344447777
18344448888
18344449999
18355550000
18355551111
18355552222
18355553333
18355554444
18355555555
18355556666
18355557777
18355558888
18355559999
18366660000
18366661111
18366662222
18366663333
18366664444
18366665555
18366666666
18366667777
18366668888
18366669999
18377770000
18377771111
18377772222
18377773333
18377774444
18377775555
18377776666
18377777777
18377778888
18377779999
18388880000
18388881111
18388882222
18388883333
18388884444
18388885555
18388886666
18388887777
18388888888
18388889999
18399990000
18399991111
18399992222
18399993333
18399994444
18399995555
18399996666
18399997777
18399998888
18399999999
18400000000
18400001111
18400002222
18400003333
18400004444
18400005555
18400006666
18400007777
18400008888
18400009999
18411110000
18411111111
18411112222
18411113333
18411114444
18411115555
18411116666
18411117777
18411118888
18411119999
18422220000
18422221111
18422222222
18422223333
18422224444
18422225555
18422226666
18422227777
18422228888
18422229999
18433330000
18433331111
18433332222
18433333333
18433334444
18433335555
18433336666
18433337777
18433338888
18433339999
18444440000
18444441111
18444442222
18444443333
18444444444
18444445555
18444446666
18444447777
18444448888
18444449999
18455550000
18455551111
18455552222
18455553333
18455554444
18455555555
18455556666
18455557777
18455558888
18455559999
18466660000
18466661111
18466662222
18466663333
18466664444
18466665555
18466666666
18466667777
18466668888
18466669999
18477770000
18477771111
18477772222
18477773333
18477774444
18477775555
18477776666
18477777777
18477778888
18477779999
18488880000
18488881111
18488882222
18488883333
18488884444
18488885555
18488886666
18488887777
18488888888
18488889999
18499990000
18499991111
18499992222
18499993333
18499994444
18499995555
18499996666
18499997777
18499998888
18499999999
18500000000
18500001111
18500002222
18500003333
18500004444
18500005555
18500006666
18500007777
18500008888
18500009999
18511110000
18511111111
18511112222
18511113333
18511114444
18511115555
18511116666
18511117777
18511118888
18511119999
18522220000
18522221111
18522222222
18522223333
18522224444
18522225555
18522226666
18522227777
18522228888
18522229999
18533330000
18533331111
18533332222
18533333333
18533334444
18533335555
18533336666
18533337777
18533338888
18533339999
18544440000
18544441111
18544442222
18544443333
18544444444
18544445555
18544446666
18544447777
18544448888
18544449999
18555550000
18555551111
18555552222
18555553333
18555554444
18555555555
18555556666
18555557777
18555558888
18555559999
18566660000
18566661111
18566662222
18566663333
18566664444
18566665555
18566666666
18566667777
18566668888
18566669999
18577770000
18577771111
18577772222
18577773333
18577774444
18577775555
18577776666
18577777777
18577778888
18577779999
18588880000
18588881111
18588882222
18588883333
18588884444
18588885555
18588886666
18588887777
18588888888
18588889999
18599990000
18599991111
18599992222
18599993333
18599994444
18599995555
18599996666
18599997777
18599998888
18599999999
18600000000
18600001111
18600002222
18600003333
18600004444
18600005555
18600006666
18600007777
18600008888
18600009999
18611110000
18611111111
18611112222
18611113333
18611114444
18611115555
18611116666
18611117777
18611118888
18611119999
18622220000
18622221111
18622222222
18622223333
18622224444
18622225555
18622226666
18622227777
18622228888
18622229999
18633330000
18633331111
18633332222
18633333333
18633334444
18633335555
18633336666
18633337777
18633338888
18633339999
18644440000
18644441111
18644442222
18644443333
18644444444
18644445555
18644446666
18644447777
18644448888
18644449999
18655550000
18655551111
18655552222
18655553333
18655554444
18655555555
18655556666
18655557777
18655558888
18655559999
18666660000
18666661111
18666662222
18666663333
18666664444
18666665555
18666666666
18666667777
18666668888
18666669999
18677770000
18677771111
18677772222
18677773333
18677774444
18677775555
18677776666
18677777777
18677778888
18677779999
18688880000
18688881111
18688882222
18688883333
18688884444
18688885555
18688886666
18688887777
18688888888
18688889999
18699990000
18699991111
18699992222
18699993333
18699994444
18699995555
18699996666
18699997777
18699998888
18699999999
18700000000
18700001111
18700002222
18700003333
18700004444
18700005555
18700006666
18700007777
18700008888
18700009999
18711110000
18711111111
18711112222
18711113333
18711114444
18711115555
18711116666
18711117777
18711118888
18711119999
18722220000
18722221111
18722222222
18722223333
18722224444
18722225555
18722226666
18722227777
18722228888
18722229999
18733330000
18733331111
18733332222
18733333333
18733334444
18733335555
18733336666
18733337777
18733338888
18733339999
18744440000
18744441111
18744442222
18744443333
18744444444
18744445555
18744446666
18744447777
18744448888
18744449999
18755550000
18755551111
18755552222
18755553333
18755554444
18755555555
18755556666
18755557777
18755558888
18755559999
18766660000
18766661111
18766662222
18766663333
18766664444
18766665555
18766666666
18766667777
18766668888
18766669999
18777770000
18777771111
18777772222
18777773333
18777774444
18777775555
18777776666
18777777777
18777778888
18777779999
18788880000
18788881111
18788882222
18788883333
18788884444
18788885555
18788886666
18788887777
18788888888
18788889999
18799990000
18799991111
18799992222
18799993333
18799994444
18799995555
18799996666
18799997777
18799998888
18799999999
18800000000
18800000001
18800001111
18800002222
18800003333
18800004444
18800005555
18800006666
18800007777
18800008888
18800009999
18811110000
18811111111
18811112222
18811113333
18811114444
18811115555
18811116666
18811117777
18811118888
18811119999
18812341234
18812345678
18822220000
18822221111
18822222222
18822223333
18822224444
18822225555
18822226666
18822227777
18822228888
18822229999
18833330000
18833331111
18833332222
18833333333
18833334444
18833335555
18833336666
18833337777
18833338888
18833339999
18844440000
18844441111
18844442222
18844443333
18844444444
18844445555
18844446666
18844447777
18844448888
18844449999
18855550000
18855551111
18855552222
18855553333
18855554444
18855555555
18855556666
18855557777
18855558888
18855559999
18866660000
18866661111
18866662222
18866663333
18866664444
18866665555
18866666666
18866667777
18866668888
18866669999
18877770000
18877771111
18877772222
18877773333
18877774444
18877775555
18877776666
18877777777
18877778888
18877779999
18888880000
18888881111
18888882222
18888883333
18888884444
18888885555
18888886666
18888887777
18888888880
18888888888
18888889999
18899990000
18899991111
18899992222
18899993333
18899994444
18899995555
18899996666
18899997777
18899998888
18899999999
18900000000
18900001111
18900002222
18900003333
18900004444
18900005555
18900006666
18900007777
18900008888
18900009999
18911110000
18911111111
18911112222
18911113333
18911114444
18911115555
18911116666
18911117777
18911118888
18911119999
18922220000
18922221111
18922222222
18922223333
18922224444
18922225555
18922226666
18922227777
18922228888
18922229999
18933330000
18933331111
18933332222
18933333333
18933334444
18933335555
18933336666
18933337777
18933338888
18933339999
18944440000
18944441111
18944442222
18944443333
18944444444
18944445555
18944446666
18944447777
18944448888
18944449999
18955550000
18955551111
18955552222
18955553333
18955554444
18955555555
18955556666
18955557777
18955558888
18955559999
18966660000
18966661111
18966662222
18966663333
18966664444
18966665555
18966666666
18966667777
18966668888
18966669999
18977770000
18977771111
18977772222
18977773333
18977774444
18977775555
18977776666
18977777777
18977778888
18977779999
18988880000
18988881111
18988882222
18988883333
18988884444
18988885555
18988886666
18988887777
18988888888
18988889999
18999990000
18999991111
18999992222
18999993333
18999994444
18999995555
18999996666
18999997777
18999998888
18999999999